CHR	MB	CM
1	1e-06	0
1	3.480967	1e-04
1	4.058815	2.715
1	5.647527	6.786
1	6.267721	8.057
1	7.168256	8.791
1	7.645445	10.688
1	8.332259	11.571
1	8.901101	11.652
1	9.45789	13.7
1	10.679786	14.419
1	10.997007	16.096
1	11.62643	16.621
1	12.790824	19.955
1	13.654784	20.122
1	14.962354	22.93
1	15.560401	26.547
1	17.362836	27.671
1	19.128258	33.805
1	19.890782	34.101
1	20.89524	36.867
1	21.529749	36.944
1	22.441813	38.009
1	23.071206	39.533
1	24.285034	40.394
1	26.017261	43.094
1	29.551361	45.052
1	31.150873	49.459
1	33.693173	50.854
1	35.157192	54.373
1	36.628281	54.709
1	37.322226	56.347
1	38.226163	56.986
1	38.843859	59.18
1	39.330798	59.821
1	39.862182	59.835
1	40.266552	60.872
1	41.013106	61.265
1	41.757245	62.612
1	42.944409	63.077
1	43.539725	64.089
1	44.619079	64.485
1	44.958832	65.394
1	46.668228	65.729
1	47.775034	66.539
1	48.993224	68.229
1	52.853909	68.875
1	53.308066	69.296
1	55.293452	73.248
1	56.570342	73.844
1	57.081815	75.408
1	59.078584	78.027
1	59.35117	79.04
1	60.006335	80.016
1	61.029141	80.611
1	62.609564	84.058
1	63.16893	84.206
1	65.67935	87.697
1	66.995554	88.429
1	68.622275	90.731
1	70.714938	91.773
1	70.933429	92.481
1	73.881559	93.328
1	75.063372	94.761
1	76.241922	95.026
1	77.321431	96.891
1	78.653637	97.176
1	79.445589	98.13
1	80.831841	98.645
1	83.242271	102.218
1	84.495258	102.731
1	84.524202	103.258
1	85.847563	104.774
1	87.355953	105.34
1	88.442689	107.586
1	90.05143	108.334
1	90.432153	109.138
1	91.63771	109.778
1	92.022405	110.514
1	94.222719	111.316
1	95.124503	112.777
1	98.43174	114.428
1	98.765585	115.211
1	101.806127	117.51
1	102.207718	118.714
1	104.787242	119.403
1	107.182185	121.109
1	108.337835	123.198
1	110.011429	124.421
1	110.936621	126.91
1	111.537912	127.262
1	112.742467	129.473
1	114.348327	130.588
1	114.739698	131.81
1	115.590462	131.972
1	117.617507	134.976
1	119.590812	135.827
1	120.239407	136.68
1	144.106312	137.239
1	144.995145	138.133
1	146.286966	138.183
1	148.26906	139.792
1	150.666679	140.878
1	152.022707	142.485
1	152.925941	142.861
1	153.084311	143.832
1	154.587778	144.421
1	155.168846	145.792
1	157.158015	147.881
1	157.466644	148.921
1	158.01869	149.126
1	158.953118	152.13
1	160.217075	153.053
1	162.095973	156.476
1	162.707039	156.736
1	162.929835	158.36
1	164.192158	160.549
1	165.358483	161.466
1	165.918896	163.984
1	166.525004	164.348
1	166.723443	165.279
1	167.788477	166.347
1	167.847509	166.896
1	168.821548	167.215
1	169.677156	168.418
1	171.639806	169.993
1	173.353588	170.128
1	174.19756	171.834
1	174.669004	171.8341
1	176.294306	173.404
1	177.174084	173.597
1	177.243179	174.086
1	178.388103	174.381
1	178.51593	174.881
1	179.273553	175.212
1	179.81617	176.51
1	182.026033	178.186
1	182.25352	178.893
1	183.64823	179.518
1	183.786615	180.12
1	185.074966	180.5
1	186.171315	181.687
1	186.863284	181.731
1	187.054013	182.353
1	188.027674	182.476
1	188.276651	182.974
1	190.645602	183.513
1	191.856067	185.029
1	193.812953	185.739
1	194.475513	186.575
1	196.077905	186.872
1	199.282919	189.174
1	200.47659	192.442
1	201.265442	192.83
1	201.91855	195.203
1	203.529927	197.376
1	205.371523	201.052
1	206.223492	201.386
1	207.951941	204.957
1	211.593865	207.828
1	212.0343	209.061
1	213.23193	210.628
1	213.895122	210.763
1	214.699038	211.84
1	215.428998	213.917
1	216.364588	214.481
1	216.936971	215.555
1	219.909814	217.549
1	222.313369	220.086
1	223.890651	220.581
1	224.918586	221.782
1	226.983257	222.497
1	228.964086	226.028
1	229.961231	226.911
1	232.424839	231.688
1	233.329785	234.839
1	233.772296	234.961
1	234.684823	236.638
1	234.773403	237.951
1	236.082146	241.402
1	236.505931	241.58
1	236.799632	242.779
1	237.364046	243.057
1	238.5863	245.368
1	238.917416	247.795
1	240.26787	251.721
1	241.169492	253.356
1	242.16904	253.715
1	244.169821	261.76
1	247.17733	262.008
2	1e-06	0
2	2.556919	1e-04
2	4.124734	3.371
2	4.800299	5.893
2	6.829438	9.658
2	8.900436	17.699
2	9.676072	18.33
2	12.643994	25.957
2	15.711355	29.265
2	17.110615	33.393
2	17.836578	33.541
2	18.619133	34.832
2	20.467021	36.422
2	20.755487	37.926
2	22.8694	39.309
2	23.731432	41.021
2	25.266813	41.527
2	26.525518	42.355
2	26.798797	42.984
2	28.429465	43.431
2	28.674145	44.598
2	30.25558	46.006
2	31.424193	48.881
2	32.97723	49.167
2	34.171065	51.553
2	35.454896	52.3
2	36.932343	54.401
2	37.52443	54.549
2	37.987112	55.941
2	39.611678	56.697
2	41.858418	58.497
2	42.225783	59.721
2	42.837844	59.799
2	43.314018	60.945
2	44.959101	62.07
2	46.433179	65.71
2	46.876947	65.921
2	47.862078	67.978
2	48.625109	68.08
2	49.440827	69.148
2	52.338523	70.708
2	53.720691	72.287
2	55.812395	73.152
2	56.475975	74.14
2	58.943894	74.869
2	60.815807	77.02
2	62.272062	77.436
2	62.77076	78.202
2	64.475512	78.521
2	66.812308	82.887
2	67.831501	83.711
2	69.203935	85.982
2	70.403282	86.411
2	72.226494	89.257
2	72.967032	89.295
2	74.339404	90.697
2	74.821748	90.754
2	75.564253	92.633
2	76.494679	92.992
2	77.965082	95.007
2	78.829371	95.238
2	80.703044	98.187
2	84.915586	99.773
2	85.919684	101.397
2	86.862999	101.677
2	88.618559	103.6
2	97.676314	104.318
2	100.41194	105.48
2	100.923998	106.393
2	102.622979	107.527
2	102.68185	107.967
2	104.196445	108.725
2	104.621738	109.601
2	105.133565	109.8
2	105.444123	111.289
2	106.066536	111.889
2	108.891962	113.462
2	109.805518	114.437
2	111.454842	114.781
2	112.367876	116.42
2	114.897519	117.929
2	115.510596	118.971
2	119.236817	120.601
2	119.977597	121.896
2	120.782781	122.094
2	121.81211	125.414
2	122.888261	125.62
2	123.220036	126.412
2	124.435411	126.835
2	125.249741	127.668
2	127.060617	128.188
2	127.63609	129.471
2	128.723931	129.902
2	130.378989	132.385
2	132.750624	134.019
2	133.120693	135.255
2	135.478814	138.754
2	136.482421	138.808
2	136.881967	139.544
2	142.195142	143.056
2	145.05599	145.732
2	148.875899	147.532
2	149.920256	148.758
2	150.919144	149.24
2	151.472758	150.362
2	153.66531	151.378
2	155.360603	153.17
2	157.848963	154.153
2	158.828967	155.556
2	161.582299	157.301
2	162.609135	157.52
2	163.333833	158.554
2	165.62181	160.287
2	168.146606	161.444
2	168.29044	162.161
2	169.291395	162.995
2	169.992027	164.891
2	170.67924	164.974
2	171.289587	167.023
2	172.650694	167.724
2	173.008107	168.677
2	173.849916	169.392
2	174.639998	171.46
2	177.035448	173.405
2	177.33095	174.162
2	179.831074	175.206
2	180.586754	176.269
2	183.375163	177.891
2	184.997422	179.317
2	190.641251	180.778
2	192.048047	181.986
2	193.104137	184.355
2	195.436223	184.844
2	196.769397	185.58
2	197.059396	186.265
2	199.313102	187.086
2	199.405313	187.705
2	202.21147	188.775
2	202.677932	189.775
2	204.522921	190.115
2	205.077605	191.558
2	206.183887	192.249
2	206.5342	193.773
2	207.430135	194.154
2	208.843584	195.772
2	211.211801	196.709
2	212.752172	198.725
2	213.773357	199.529
2	214.593232	199.62
2	216.030633	200.87
2	217.696667	204.772
2	218.372878	205.412
2	218.589197	206.536
2	219.993553	207.521
2	220.581788	209.406
2	221.148804	209.887
2	223.062022	213.701
2	224.750775	215.566
2	227.240708	217.22
2	228.527516	220.722
2	229.571469	221.403
2	230.253464	223.305
2	231.400929	224.515
2	231.593659	225.512
2	232.988809	226.735
2	235.449384	232.109
2	235.736969	234.522
2	237.765225	238.157
2	238.531798	240.487
2	239.297057	241.104
2	240.164008	244.036
2	242.69282	244.0361
3	1e-06	0
3	2.548531	1e-04
3	3.562732	5.844
3	4.535362	7.023
3	7.504555	16.299
3	8.616133	17.868
3	9.356122	20.683
3	10.485618	21.684
3	11.224717	24.029
3	11.642123	24.137
3	12.00224	25.063
3	12.832493	25.409
3	13.905134	27.633
3	14.421549	27.967
3	14.794656	29.576
3	15.385369	30.253
3	16.052851	30.368
3	17.166692	32.137
3	18.355448	32.411
3	19.015451	33.371
3	20.545377	34.068
3	21.436829	35.027
3	22.185278	37.37
3	23.61747	38.01
3	23.784502	38.868
3	25.433104	40.694
3	25.607898	41.565
3	28.620282	44.043
3	30.260426	47.284
3	31.696778	48.752
3	32.390118	51.228
3	33.29662	52.373
3	35.856601	53.576
3	36.817888	54.963
3	37.501017	55.071
3	38.839941	56.551
3	40.7921	57.686
3	41.052675	58.513
3	42.1564	58.793
3	42.398594	59.516
3	43.225301	60.079
3	45.076808	60.685
3	45.15201	61.392
3	45.825524	62.001
3	47.593957	62.715
3	51.747387	63.115
3	53.512919	63.924
3	55.777789	68.271
3	59.375755	70.594
3	60.734312	74.808
3	62.316054	76.856
3	62.634698	78.165
3	63.367449	78.806
3	64.472391	81.861
3	67.541252	86.262
3	71.237486	89.423
3	72.809969	93.395
3	74.633552	96.532
3	75.456785	96.7
3	77.000242	98.004
3	77.8617	99.309
3	79.160577	99.928
3	81.152221	100.246
3	82.615258	101.004
3	86.797529	101.658
3	89.126928	102.726
3	95.01998	102.831
3	98.83892	103.569
3	99.783783	104.511
3	103.035243	105.664
3	103.391981	106.559
3	106.058115	107.822
3	106.856526	108.849
3	107.643193	109.15
3	107.908381	109.998
3	108.65177	110.6
3	113.467797	113.22
3	115.788392	115.779
3	116.715602	116.022
3	117.137111	117.343
3	117.820685	117.585
3	118.834895	119.793
3	122.066323	121.874
3	123.7709	122.432
3	124.97588	124.728
3	126.132209	125.314
3	126.42658	126.419
3	127.308693	126.769
3	127.707837	127.689
3	128.22938	127.793
3	129.23642	129.613
3	132.70255	131.315
3	132.931063	132.102
3	134.59803	133.461
3	135.243598	135.22
3	136.966276	137.027
3	138.682404	137.232
3	139.265345	138.039
3	140.324283	138.352
3	142.821331	141.214
3	143.063173	142.099
3	144.024377	142.326
3	145.059037	144.483
3	145.890562	144.702
3	147.400451	146.24
3	148.824362	147.061
3	148.985508	147.923
3	149.791563	148.663
3	150.84819	150.92
3	152.072858	152.099
3	152.275134	153.264
3	153.056976	153.98
3	155.055227	155.524
3	156.14125	155.786
3	156.396784	156.499
3	157.487648	156.902
3	158.340994	157.794
3	160.082558	158.269
3	161.434972	159.439
3	166.423743	160.891
3	168.595899	161.737
3	169.72191	162.652
3	172.446452	165.313
3	173.882649	168.814
3	174.896978	170.065
3	174.960398	170.882
3	176.32155	172.108
3	177.154901	174.184
3	181.293592	178.593
3	182.686796	178.895
3	183.978835	181.583
3	185.569663	183.135
3	186.016225	184.717
3	187.013016	185.012
3	188.385334	189.216
3	189.275405	190.353
3	190.107119	193.826
3	191.705648	196.871
3	192.228729	199.019
3	193.527178	200.274
3	194.244411	202.774
3	194.931805	203.336
3	196.289189	209.598
3	196.74513	209.976
3	199.298372	209.9761
4	1e-06	0
4	2.481852	1e-04
4	3.5058	0.618
4	3.719953	2.031
4	5.787393	6.678
4	7.515895	15.816
4	9.337697	21.212
4	10.30232	21.508
4	11.180262	22.834
4	13.143506	24.152
4	13.650021	25.649
4	16.042868	28.245
4	17.170237	31.095
4	18.305275	31.566
4	18.705261	32.244
4	20.068216	32.664
4	21.341284	34.404
4	23.368855	36.158
4	24.416385	38.808
4	25.060523	39.468
4	25.846255	42.259
4	26.636716	42.81
4	26.999547	43.655
4	28.481931	44.57
4	28.744706	45.399
4	30.634452	46.849
4	31.051457	47.943
4	31.90372	48.486
4	32.238005	49.221
4	34.790089	50.417
4	35.113739	51.008
4	37.045599	52.18
4	38.609317	55.038
4	38.696272	55.974
4	39.872944	56.481
4	40.431161	58.413
4	42.359849	61.121
4	48.045514	63.392
4	52.61346	63.477
4	54.072297	63.912
4	55.687123	66.72
4	56.766396	67.45
4	57.347137	69.084
4	58.440488	70.386
4	61.478011	71.867
4	62.063506	72.882
4	63.867277	74.003
4	66.23602	74.832
4	68.511704	76.618
4	70.55126	77.254
4	70.575152	77.606
4	72.669625	79.079
4	75.843499	80.965
4	76.216847	81.826
4	77.914373	82.984
4	78.09004	83.86
4	78.847239	84.741
4	81.17895	86.204
4	81.43314	86.987
4	82.24254	87.174
4	83.577786	88.541
4	85.668347	92.157
4	86.483995	92.283
4	87.152226	93.331
4	88.500206	93.69
4	89.234881	94.437
4	90.849924	97.062
4	94.438413	98.317
4	95.058506	99.236
4	95.816837	99.504
4	96.747517	101.536
4	98.134393	102.219
4	99.640764	102.367
4	99.773335	102.887
4	101.351276	103.583
4	103.608433	105.748
4	104.56694	105.935
4	105.151746	106.714
4	106.692026	107.396
4	106.735477	107.796
4	108.689205	108.716
4	110.220124	110.761
4	111.223994	111.24
4	112.243641	112.989
4	114.050334	114.06
4	114.552154	115.284
4	116.094415	116.872
4	119.887046	118.33
4	120.277514	118.92
4	121.607092	119.15
4	123.273347	120.874
4	124.49416	121.15
4	124.764958	121.827
4	126.392354	122.597
4	127.457307	123.508
4	127.671256	124.196
4	129.679075	124.531
4	129.932961	125.328
4	131.146911	126
4	131.854309	127.063
4	132.977337	127.183
4	134.873627	128.378
4	135.999937	128.602
4	136.2774	129.273
4	137.616496	129.848
4	138.764938	131.597
4	139.412601	131.82
4	142.438198	137.133
4	146.387107	139.093
4	147.248415	140.663
4	149.139539	141.607
4	149.624304	142.529
4	153.704882	144.353
4	154.799243	147.366
4	156.729486	149.476
4	156.972624	150.39
4	159.425553	152.631
4	160.568882	152.895
4	163.944452	155.396
4	164.223308	156.163
4	165.628896	157.131
4	166.059931	158.119
4	167.871029	159.808
4	167.895913	160.394
4	169.574702	161.582
4	170.257693	163.424
4	172.685846	164.591
4	173.222335	165.444
4	174.659588	166.3
4	175.372199	168.066
4	177.527939	170.323
4	178.596673	173.119
4	181.361244	176.502
4	182.964128	179.841
4	184.052555	183.493
4	184.517241	183.741
4	185.728832	189.294
4	188.22808	197.011
4	188.558479	197.48
4	191.128697	197.4801
5	1e-06	0
5	2.657903	0.023
5	5.881684	11.907
5	9.135481	17.298
5	10.728766	22.841
5	11.742342	24.9
5	13.656883	25.544
5	15.067182	28.515
5	16.463418	29.169
5	17.506016	32.246
5	18.813395	33.167
5	18.945432	33.842
5	23.174965	35.812
5	23.287137	36.501
5	24.393207	37.003
5	24.938093	38.206
5	26.154066	38.672
5	26.445109	39.222
5	30.95394	42.05
5	31.677961	43.35
5	32.096452	46.319
5	33.511557	47.501
5	33.713918	48.598
5	34.572813	49.514
5	35.204127	51.107
5	36.344854	51.609
5	36.727869	52.514
5	37.918715	52.697
5	38.854038	55.626
5	41.590915	57.273
5	45.604426	58.047
5	50.187722	58.072
5	52.167072	58.709
5	52.28299	59.295
5	53.62792	59.932
5	54.370181	61.383
5	55.333056	61.587
5	56.023055	63.172
5	57.380923	64.406
5	58.881672	65.516
5	60.86689	66.077
5	61.236164	66.952
5	65.563667	68.86
5	68.043559	72.725
5	70.984574	73.309
5	71.530687	74.654
5	72.457774	74.868
5	74.278608	79.774
5	75.252167	80.038
5	75.602262	80.546
5	75.878727	81.978
5	77.32847	84.223
5	77.968847	84.45
5	78.167092	85.583
5	79.017306	86.153
5	79.58794	87.799
5	81.72238	89.319
5	83.473592	91.681
5	84.443668	92.34
5	88.925711	93.832
5	89.084843	94.425
5	91.964461	95.79
5	92.740447	96.779
5	94.752635	97.551
5	95.245017	98.542
5	95.777541	98.612
5	96.559225	99.855
5	97.82103	100.644
5	99.307666	101.384
5	102.70928	102.131
5	103.349963	103.093
5	105.894761	104.034
5	106.828047	104.852
5	107.30479	106.439
5	108.64215	106.803
5	108.66764	107.323
5	109.258634	107.424
5	109.638118	108.314
5	110.40889	108.436
5	110.93397	109.268
5	111.990575	109.687
5	112.044477	110.101
5	115.096071	111.86
5	116.416478	114.686
5	120.947695	116.945
5	122.032535	118.377
5	123.152132	118.834
5	123.969149	120.636
5	125.166817	122.223
5	125.69715	122.357
5	125.933468	123.285
5	126.966014	123.758
5	127.019355	124.307
5	129.76977	125.572
5	131.343783	125.636
5	132.031985	126.044
5	133.450715	128.399
5	134.583519	129.002
5	135.427351	131.092
5	137.033572	132.168
5	139.005706	132.746
5	139.394936	133.287
5	141.034424	133.745
5	142.600719	137.554
5	143.477119	138.265
5	145.216164	138.828
5	147.27855	141.847
5	148.094999	142.315
5	149.855924	146.325
5	150.885591	147.603
5	151.032339	148.756
5	152.740533	149.446
5	155.513021	151.94
5	157.09095	152.647
5	158.875622	154.22
5	159.339742	155.77
5	160.130499	156.667
5	161.412131	157.211
5	163.744136	160.182
5	164.877527	160.636
5	165.025942	162.022
5	166.771863	163.919
5	168.775661	168.454
5	169.560285	169.436
5	170.143829	171.763
5	170.777664	172.003
5	171.203753	173.58
5	172.6082	175.926
5	172.802615	177.875
5	174.332504	181.929
5	175.14015	185.854
5	177.316388	187.996
5	178.112905	189.584
5	180.623543	189.5841
6	1e-06	0
6	2.77619	0.215
6	3.802623	3.119
6	3.908729	4.509
6	5.429828	7.635
6	6.935673	12.529
6	8.205335	14.647
6	8.794274	14.919
6	9.363486	16.31
6	10.149866	16.862
6	12.627418	22.565
6	13.416293	23.066
6	13.662022	24.116
6	14.729332	25.476
6	15.1755	27.289
6	15.925607	27.517
6	17.037691	30.013
6	17.872258	30.943
6	19.549503	31.751
6	20.362954	34.264
6	21.395972	35.083
6	22.412183	37.825
6	23.284666	38.337
6	24.125887	40.295
6	25.594779	42.272
6	29.463127	42.986
6	32.778934	44.153
6	33.895724	45.146
6	34.079204	46.185
6	34.65989	46.769
6	36.335286	47.282
6	37.832391	50.209
6	39.127481	50.889
6	41.394231	53.978
6	42.575876	57.824
6	43.787025	58.526
6	44.646821	61.674
6	45.499921	61.947
6	46.429048	63.657
6	48.514384	65.212
6	51.813583	66.163
6	53.38396	68.271
6	53.668021	69.249
6	56.41225	70.786
6	65.250541	71.527
6	69.353483	74.189
6	70.680947	74.514
6	71.679974	75.493
6	73.378775	76.292
6	74.489384	77.5
6	78.246975	79.066
6	79.917888	79.341
6	80.761863	80.267
6	82.436294	80.678
6	86.19338	82.687
6	88.539484	83.33
6	89.147376	84.73
6	90.681887	85.609
6	92.075807	89.193
6	98.904429	92.771
6	99.045555	93.287
6	100.681993	94.307
6	101.059869	95.188
6	101.950974	95.288
6	102.309204	95.965
6	105.858243	98.071
6	107.572411	101.542
6	108.391858	102.192
6	108.628006	103.247
6	110.346397	104.544
6	111.506483	106.197
6	112.582903	106.576
6	115.309225	108.786
6	116.807502	109.038
6	118.634711	110.209
6	123.071368	111.668
6	123.897705	112.481
6	125.773629	116.314
6	129.567166	118.207
6	130.996834	120.246
6	132.008726	120.794
6	133.131834	122.369
6	134.345716	123.032
6	134.952731	124.77
6	137.542479	127.478
6	137.728538	128.481
6	139.579904	131.393
6	139.944019	132.963
6	143.072921	133.955
6	144.822274	136.092
6	146.704651	136.568
6	147.889411	137.795
6	148.814163	139.305
6	149.357578	141.38
6	150.224322	141.799
6	151.159964	143.25
6	151.688324	145.617
6	152.460268	146.315
6	152.584241	147.214
6	153.673811	148.159
6	153.757548	148.977
6	155.26085	150.899
6	155.821226	152.726
6	158.142228	155.887
6	159.434587	156.839
6	159.988958	158.149
6	161.609806	159.371
6	162.562714	162.527
6	163.534768	163.43
6	164.703881	166.678
6	165.751481	167.732
6	166.162884	169.691
6	168.206473	174.705
6	170.750927	174.751
7	1e-06	0
7	2.639592	1e-04
7	3.274721	2.022
7	3.958172	2.143
7	4.27236	2.642
7	5.483466	6.135
7	6.281291	6.565
7	7.335224	8.552
7	7.766976	8.679
7	9.359025	14.351
7	11.187371	15.658
7	11.824245	17.835
7	12.59861	18.2
7	13.626289	19.634
7	14.403342	22.207
7	15.858329	24.271
7	16.556831	24.502
7	17.580072	26.916
7	18.820645	27.769
7	19.115372	29.031
7	19.945134	29.533
7	20.745171	31.313
7	21.67278	32.117
7	22.130791	33.742
7	23.082491	34.825
7	24.806237	35.829
7	26.66174	38.175
7	28.222765	39.141
7	29.495598	42.726
7	30.692226	43.639
7	32.42754	47.2
7	33.519365	47.5
7	34.260846	49.522
7	35.285684	49.912
7	36.470456	51.225
7	36.519181	51.938
7	37.320616	52.873
7	37.4791	54.176
7	37.875304	54.209
7	38.724851	55.573
7	40.620209	56.544
7	42.463883	59.925
7	45.192408	62.163
7	45.217109	62.741
7	46.946947	64.209
7	47.951278	66.055
7	49.599837	67.013
7	51.922768	69.458
7	54.635114	70.574
7	55.765851	71.873
7	57.439519	72.642
7	62.198215	72.706
7	64.144339	73.249
7	66.038892	73.268
7	66.945147	73.717
7	68.376008	76.06
7	69.642601	76.323
7	71.071369	78.638
7	72.679066	79.138
7	73.706103	80.596
7	75.002954	80.802
7	75.460747	81.664
7	77.436474	82.57
7	78.546224	85.58
7	79.578092	86.041
7	80.822767	88.195
7	83.647047	91.339
7	87.658355	92.775
7	89.198466	94.095
7	90.498235	94.391
7	91.137097	95.414
7	92.430599	95.82
7	93.901351	98.072
7	94.559989	98.131
7	96.405016	99.459
7	96.461966	100.095
7	98.298998	102.175
7	100.386209	102.8
7	101.888274	104.423
7	102.973113	104.723
7	104.012974	106.109
7	104.846842	106.324
7	105.849393	109.18
7	106.287672	110.008
7	107.090864	110.259
7	107.569436	111.789
7	108.842962	112.206
7	110.284409	113.667
7	111.179651	113.781
7	111.630866	114.849
7	114.897362	116.189
7	116.760524	117.756
7	120.691895	118.817
7	122.170603	120.213
7	124.705861	121.081
7	125.179594	121.748
7	127.57287	122.421
7	127.814627	123.242
7	129.713858	124.625
7	131.51307	129.154
7	132.134478	129.896
7	133.865943	130.478
7	135.091671	131.664
7	135.785359	133.25
7	136.933752	133.942
7	139.879676	140.337
7	141.319174	141.259
7	141.687361	142.516
7	143.804256	144.006
7	144.813358	145.319
7	146.020192	145.854
7	147.37213	147.568
7	147.998949	149.815
7	149.076518	150.955
7	151.018464	154.795
7	151.337042	157.32
7	151.823054	157.412
7	152.226785	158.453
7	152.422019	160.23
7	153.543778	162.221
7	154.85756	166.719
7	155.761806	171.55
7	156.202081	172.356
7	158.742541	172.3561
8	1e-06	0
8	2.683202	1e-04
8	4.881957	6.675
8	6.005078	8.279
8	8.143918	15.573
8	9.297944	16.79
8	10.099953	16.877
8	10.627323	17.794
8	11.863183	18.336
8	12.595527	19.52
8	13.044981	22.436
8	14.072885	23.711
8	16.666722	25.672
8	17.682603	29.325
8	18.555377	30.154
8	19.152301	32.246
8	21.182901	34.991
8	23.61256	40.62
8	25.520009	42.11
8	26.746612	44.364
8	27.790412	45.044
8	28.679585	46.931
8	29.306465	47.165
8	30.294506	49.395
8	31.146856	49.737
8	31.28359	50.488
8	33.68492	51.988
8	37.090513	53.186
8	37.857774	54.706
8	38.422122	54.958
8	38.945522	55.925
8	39.899146	56.062
8	41.863251	59.093
8	42.663174	59.521
8	49.021486	59.676
8	53.09243	60.943
8	53.496729	61.961
8	54.269163	62.23
8	56.765392	64.545
8	58.834075	65.617
8	60.185051	67.926
8	61.953322	68.578
8	62.602905	69.8
8	65.883751	71.118
8	66.346598	71.94
8	68.730739	72.609
8	69.288023	73.991
8	70.535664	75.34
8	71.03341	77.121
8	72.174885	77.49
8	73.402584	79.478
8	73.588925	80.458
8	75.237492	82.204
8	78.193307	83.855
8	79.912462	84.148
8	83.170552	87.322
8	87.048213	88.544
8	87.867496	89.288
8	92.936858	91.254
8	94.479946	92.91
8	96.150578	93.828
8	96.972242	95.797
8	99.157427	97.768
8	99.480263	98.873
8	101.466138	99.264
8	102.220113	101.652
8	103.62712	103.388
8	104.215907	104.821
8	105.762002	105.278
8	106.803045	106.332
8	111.278161	108.83
8	114.453709	109.349
8	117.198588	110.95
8	119.765786	114.297
8	121.595928	115.535
8	123.516068	117.892
8	124.07027	119.782
8	124.924957	120.799
8	124.935243	121.624
8	126.470205	123.286
8	126.942291	125.099
8	128.53006	127.616
8	129.38168	130.5
8	130.422409	130.911
8	130.784692	131.859
8	131.567362	132.063
8	131.725022	132.813
8	134.044465	135.588
8	134.656683	138.371
8	136.290117	141.33
8	139.243891	144.078
8	139.371399	146.216
8	140.796115	150.289
8	142.493544	153.02
8	143.276606	155.959
8	143.718931	156.528
8	146.245512	156.5281
9	1e-06	0
9	2.700537	1e-04
9	3.555211	1.005
9	4.943916	5.573
9	7.123346	7.691
9	9.18567	13.964
9	9.859714	14.565
9	10.870887	17.1
9	11.936421	17.314
9	12.768224	18.257
9	14.237788	21.631
9	15.077382	24.889
9	15.37961	25.433
9	16.043792	25.473
9	16.988232	27.851
9	17.447854	27.933
9	18.647558	29.525
9	20.658315	33.494
9	21.535777	33.907
9	22.197037	35.394
9	22.95666	35.591
9	23.737791	37.426
9	24.710232	37.877
9	25.946931	40.054
9	27.144617	40.58
9	27.716731	42.965
9	28.6185	44.19
9	31.100057	45.26
9	31.111425	45.683
9	32.236791	46.163
9	33.608936	47.934
9	36.699347	49.213
9	36.993075	50.234
9	38.144137	51.032
9	39.088698	53.691
9	44.805022	54.506
9	67.660241	54.5061
9	70.347279	55.158
9	71.512253	56.48
9	73.106773	57.112
9	73.885264	58.549
9	76.158411	59.803
9	77.645475	61.976
9	78.771562	65.273
9	80.240188	66.58
9	81.836359	69.124
9	83.363306	69.999
9	83.671809	71.482
9	84.543582	71.778
9	85.415939	73.193
9	85.886569	73.305
9	87.312827	75.895
9	88.213328	76.217
9	90.089447	80.322
9	91.42084	81.587
9	91.940644	83.901
9	92.62875	84.359
9	93.228207	85.673
9	94.78721	86.331
9	96.516305	87.886
9	97.162266	87.951
9	98.124002	89.42
9	99.90646	90.171
9	100.899897	92.483
9	102.874693	93.126
9	103.779601	94.369
9	106.576716	95.782
9	107.013098	96.949
9	108.191499	97.434
9	109.992872	100.984
9	111.013287	101.637
9	112.376005	104.03
9	114.712851	105.849
9	115.763309	108.134
9	116.120209	109.97
9	116.880743	110.956
9	117.781035	111.396
9	118.200612	112.755
9	120.356846	114.329
9	121.736456	117.635
9	123.378855	118.449
9	124.465381	120.214
9	125.762468	120.861
9	126.273028	121.92
9	127.752063	122.299
9	128.673149	123.948
9	129.576538	124.199
9	130.371141	125.316
9	131.00676	125.552
9	131.24507	127.049
9	131.931508	128.053
9	132.907098	131.143
9	135.326989	135.583
9	136.284673	138.687
9	137.557651	146.273
9	140.128836	146.289
10	1e-06	0
10	2.617161	1e-04
10	3.99334	6.426
10	6.223811	10.56
10	6.429611	12.309
10	8.65102	18.983
10	9.081164	19.593
10	10.119956	20.019
10	10.672427	21.668
10	11.289246	22.279
10	11.479842	23.328
10	12.370719	24.449
10	13.753732	27.814
10	14.871948	31.496
10	16.47853	33.477
10	17.113141	35.531
10	21.673351	40.232
10	24.29072	41.157
10	24.898396	42.741
10	26.019749	43.503
10	26.965728	45.032
10	28.657816	45.792
10	30.683878	49.801
10	30.95843	51.209
10	33.50075	52.383
10	34.587568	54.323
10	35.879315	54.72
10	37.202786	56.413
10	42.544707	56.617
10	45.237382	58.361
10	47.065283	58.424
10	47.171576	58.855
10	49.074485	59.248
10	50.583013	60.983
10	52.548404	61.708
10	54.338603	64.196
10	54.524447	65.046
10	56.280721	66.053
10	56.804994	66.925
10	59.489587	67.838
10	62.352175	71.165
10	63.200328	71.365
10	64.578695	72.844
10	67.211649	74.188
10	68.43275	75.48
10	69.525369	75.676
10	70.657944	76.435
10	73.213459	82.972
10	77.326027	84.747
10	77.675236	85.862
10	78.308963	86.206
10	80.278732	89.306
10	80.920734	91.516
10	82.351823	92.301
10	82.882268	93.918
10	83.582387	94.098
10	83.992154	95.132
10	85.37652	95.738
10	86.067049	96.845
10	87.640358	97.445
10	87.99888	98.252
10	90.718761	100.011
10	92.110521	101.996
10	92.658009	102.127
10	92.917247	103.006
10	94.829632	103.752
10	95.5691	105.365
10	97.947314	106.7
10	100.356721	110.35
10	102.040232	110.905
10	103.075893	112.602
10	105.196864	113.001
10	106.407947	114.129
10	107.863979	114.522
10	109.59929	116.782
10	112.128266	117.913
10	113.126069	119.429
10	113.820301	119.589
10	114.948149	122.545
10	116.022509	123.483
10	116.267515	124.464
10	117.818476	125.136
10	117.951263	126.062
10	119.147475	127.722
10	119.690657	130.633
10	121.855175	132.963
10	121.921812	133.764
10	123.766885	136.374
10	123.931788	137.599
10	125.51745	139.8
10	126.175697	142.469
10	127.365358	144.029
10	128.456835	147.452
10	130.168169	150.625
10	130.742866	154.248
10	131.51664	156.021
10	131.634121	157.973
10	132.611589	160.199
10	135.284293	160.408
11	1e-06	0
11	2.694481	1e-04
11	3.642231	3.092
11	4.360768	3.493
11	6.236824	6.673
11	8.305694	12.066
11	10.326996	12.968
11	11.942637	16.543
11	12.527595	19.121
11	13.353485	20.305
11	15.031188	20.973
11	15.952971	22.596
11	17.381287	23.339
11	17.761574	24.732
11	19.158702	26.448
11	20.135461	30.325
11	21.207776	31.865
11	21.399735	33.131
11	22.673696	34.845
11	24.683401	36.479
11	25.243657	37.809
11	27.749467	40.104
11	29.207021	40.429
11	30.738916	41.48
11	31.75745	41.537
11	32.55053	42.936
11	33.339661	43.276
11	37.206543	51.128
11	39.871624	51.73
11	40.788274	52.899
11	43.828572	54.149
11	45.084878	57.922
11	46.290815	58.752
11	56.66706	59.18
11	60.2517	60.801
11	60.324731	61.396
11	61.993893	63.396
11	63.63465	64.636
11	67.158938	65.782
11	68.546182	66.948
11	69.685418	69.908
11	70.966737	71.818
11	72.537686	72.717
11	72.681701	73.442
11	73.832396	73.908
11	75.509963	75.538
11	76.614481	77.761
11	78.186995	78.424
11	78.733973	80.001
11	80.933206	82.685
11	84.312438	84.648
11	86.095201	85.057
11	87.99345	87.032
11	91.319926	88.202
11	92.473846	89.579
11	93.963488	90.238
11	96.613938	94.348
11	98.195868	95.203
11	98.437342	95.93
11	100.700531	98.001
11	101.81365	98.44
11	103.488072	100.158
11	105.738304	100.832
11	107.353193	102.662
11	108.327397	103.009
11	110.206656	104.654
11	110.859371	105.981
11	111.465743	106.073
11	111.511149	106.537
11	113.371761	108.35
11	113.780283	110.086
11	115.50774	111.527
11	116.028064	113.617
11	116.801502	113.956
11	117.548184	116.221
11	118.298823	116.55
11	119.86044	118.822
11	123.016861	126.281
11	123.905821	126.781
11	124.799824	128.637
11	125.274564	128.722
11	125.815366	129.645
11	126.033245	131.245
11	127.682538	133.51
11	128.314137	135.231
11	128.89589	135.528
11	130.001079	137.855
11	131.383551	143.195
11	131.934023	143.883
11	134.435899	143.8831
12	1e-06	0
12	2.711853	0.196
12	4.30764	6.344
12	6.39351	12.06
12	7.72717	13.848
12	8.943104	17.085
12	9.779663	17.542
12	10.83912	19.232
12	11.63143	19.507
12	13.474591	25.39
12	15.072331	26.902
12	15.151903	27.481
12	16.164817	28.069
12	16.325711	28.962
12	17.287922	30.077
12	19.602389	31.126
12	20.756568	33.957
12	22.747842	35.207
12	23.110836	36.46
12	24.175996	37.41
12	25.136871	39.599
12	26.4883	41.313
12	27.646725	42.064
12	28.187839	43.103
12	29.521348	43.813
12	31.053044	46.227
12	32.97684	47.827
12	37.697353	48.049
12	41.150068	49.42
12	41.75278	50.272
12	43.996497	51.469
12	44.372975	52.099
12	45.746648	52.618
12	46.666298	54.103
12	48.445133	54.955
12	48.754036	55.715
12	49.823463	55.832
12	51.238751	58.788
12	53.795692	62.071
12	55.880161	63.572
12	56.813606	63.803
12	57.861697	64.94
12	60.02333	65.49
12	61.341887	66.434
12	61.598234	67.578
12	64.196484	69.501
12	64.746061	70.687
12	66.167411	72.111
12	66.318383	73.125
12	67.928582	75.537
12	69.094763	76.15
12	69.472722	77.029
12	70.856013	77.896
12	70.997756	78.362
12	74.321259	79.588
12	75.064414	81.389
12	76.921213	82.915
12	77.839311	84.29
12	79.554717	85.671
12	81.436613	86.294
12	82.075742	87.536
12	86.758796	88.567
12	88.189891	89.426
12	88.358244	90.047
12	90.550393	91.09
12	91.399738	93.027
12	91.97219	93.22
12	93.684286	96.792
12	94.240125	96.965
12	95.085872	98.688
12	96.166804	99.309
12	96.743922	100.473
12	97.733124	101.085
12	98.574279	102.425
12	100.347843	103.31
12	100.933677	104.58
12	101.481996	104.622
12	101.71072	105.269
12	102.535143	105.81
12	102.67569	106.57
12	103.358792	106.912
12	103.640504	108.228
12	104.572272	108.87
12	105.18903	110.263
12	107.000267	111.278
12	107.597467	112.795
12	108.756282	114.064
12	111.693902	115
12	112.766879	117.317
12	113.319811	117.743
12	114.871593	121.634
12	115.23412	121.6341
12	115.62117	122.897
12	116.341442	123.561
12	117.022062	126.324
12	118.004051	127.279
12	118.499974	128.576
12	119.873345	129.323
12	120.976981	130.514
12	123.190418	131.307
12	125.037758	136.986
12	126.074584	138.433
12	129.708275	156.303
12	132.288869	156.408
13	1e-06	0
13	20.713869	1e-04
13	21.077186	0.368
13	21.706613	5.166
13	23.374073	7.944
13	23.783133	11.021
13	26.180769	14.94
13	26.463562	16.465
13	27.177997	17.15
13	27.785676	18.849
13	27.794097	19.648
13	29.519646	22.157
13	30.985599	26.832
13	34.117778	30.885
13	35.171922	31.31
13	35.49584	32.279
13	36.031494	32.446
13	36.409706	34.198
13	38.241477	35.445
13	38.313385	36.146
13	39.59685	37.454
13	40.022652	39.013
13	42.303108	40.265
13	42.827302	41.982
13	43.535493	42.354
13	44.390146	44.189
13	45.148972	44.558
13	46.729888	47.945
13	48.401261	49.049
13	50.067538	49.546
13	50.768962	50.794
13	52.204305	51.214
13	52.553575	52.155
13	54.549882	53.05
13	58.607599	53.924
13	61.029958	56.153
13	65.00027	57.653
13	66.81397	59.127
13	69.438804	59.973
13	71.849007	62.764
13	72.032913	63.773
13	73.19689	64.765
13	73.391003	66.015
13	74.839922	68.446
13	76.273464	69.314
13	76.385163	69.815
13	77.69501	70.285
13	78.499127	71.366
13	79.479594	71.742
13	79.722991	72.289
13	80.547913	72.528
13	81.505911	73.473
13	82.965743	73.905
13	85.84238	75.836
13	88.972527	76.857
13	90.768314	78.31
13	92.096524	80.441
13	93.574815	81.353
13	94.931577	84.542
13	96.316071	84.806
13	96.447701	85.254
13	97.106642	85.471
13	98.240561	89.046
13	99.199677	89.518
13	99.442548	90.532
13	100.310594	91.079
13	100.580679	92.257
13	102.481449	94.086
13	102.966614	95.515
13	104.045087	96.829
13	105.358969	102.508
13	108.30647	110.166
13	109.134812	111.381
13	110.265707	116.682
13	110.766433	117.09
13	111.601346	119.344
13	114.108121	119.3441
14	1e-06	0
14	22.010682	1e-04
14	23.04685	2.686
14	23.31755	5.046
14	25.14085	7.276
14	25.833106	9.959
14	28.341988	12.664
14	28.926702	12.727
14	29.072989	13.426
14	30.275385	14.529
14	30.435635	15.391
14	31.44511	15.693
14	32.503328	18.287
14	33.919227	24.261
14	35.49379	25.222
14	36.561587	27.519
14	37.289158	27.627
14	37.856371	28.509
14	39.257731	28.931
14	39.471017	29.595
14	42.131247	30.346
14	42.397912	31.053
14	48.064639	33.383
14	48.469198	34.056
14	49.445256	34.416
14	49.588386	35.01
14	50.387168	35.198
14	50.515966	36.038
14	51.111979	36.388
14	51.848225	37.771
14	53.23183	38.525
14	53.453695	39.232
14	54.11327	39.619
14	54.322364	40.586
14	55.274324	40.912
14	56.320027	43.252
14	57.516323	44.387
14	57.522692	44.824
14	58.693529	45.813
14	60.65904	46.14
14	62.2383	48.507
14	65.357674	50.527
14	65.574543	51.214
14	66.956534	51.3
14	67.173533	51.756
14	68.037135	51.928
14	68.394643	52.854
14	70.162009	54.376
14	70.429338	55.398
14	71.727775	56.073
14	72.41333	57.539
14	74.752735	58.805
14	76.804333	63.152
14	82.455193	68.212
14	84.585868	69.247
14	85.720831	70.842
14	86.558014	71.313
14	86.59046	71.897
14	87.69887	72.544
14	87.868211	73.255
14	88.458634	73.271
14	90.25973	78.266
14	91.696891	79.736
14	92.285999	81.505
14	93.256125	82.171
14	93.923617	83.441
14	95.81328	90.029
14	96.64119	91.194
14	97.415357	93.856
14	98.057045	94.334
14	99.369996	98.265
14	100.310283	99.315
14	101.073617	103.699
14	102.687703	104.835
14	105.270624	104.8351
15	1e-06	0
15	23.27022	0.239
15	25.080959	6.455
15	26.203777	9.013
15	27.114644	9.893
15	27.764808	12.482
15	28.148879	13.178
15	29.100035	13.55
15	29.420453	14.648
15	30.972569	16.577
15	32.907637	22.046
15	33.731688	22.694
15	34.494463	24.798
15	36.790701	27.865
15	37.038754	29.655
15	38.315447	31.298
15	38.426862	32.197
15	39.920188	32.681
15	40.246326	33.496
15	42.738466	33.807
15	47.066698	38.102
15	50.617081	39.596
15	52.493194	41.855
15	53.609649	42.367
15	54.161336	43.361
15	55.408068	43.553
15	56.457727	45.754
15	56.625302	47.083
15	57.283935	47.304
15	58.013325	48.905
15	58.770968	49.615
15	59.221873	51.491
15	60.647399	52.948
15	61.138541	54.11
15	62.891879	54.662
15	63.482996	55.51
15	64.064875	55.631
15	65.279355	58.481
15	66.384181	58.768
15	66.848264	60.673
15	67.694793	61.268
15	68.279622	63.648
15	68.645603	64.339
15	69.222676	64.481
15	69.88915	66.22
15	71.793744	66.641
15	72.521872	67.554
15	76.273244	68.875
15	77.030626	69.703
15	77.320427	71.302
15	78.859143	72.748
15	79.55832	74.61
15	80.218274	75.134
15	83.216375	75.56
15	85.236954	77.418
15	85.522036	78.736
15	86.603939	79.539
15	87.402313	81.918
15	89.77469	85.799
15	90.472923	88.605
15	91.357446	90.109
15	92.732422	96.67
15	95.724441	104.806
15	97.455187	110.893
15	100.215583	110.937
16	1e-06	0
16	2.677072	0.177
16	4.322608	3.337
16	4.931055	3.729
16	5.935389	6.318
16	6.592855	10.541
16	7.427533	11.914
16	9.203038	17.01
16	10.239572	17.949
16	10.94246	21.303
16	11.382829	21.526
16	11.673115	22.763
16	12.458623	23.485
16	12.708927	24.714
16	14.452765	28.137
16	15.786874	28.433
16	16.197033	29.978
16	17.107166	30.648
16	18.032061	32.684
16	19.002875	33.144
16	19.214631	35.206
16	20.057104	35.857
16	20.437735	37.253
16	21.107637	37.398
16	21.515973	38.021
16	22.237539	38.04
16	23.351769	40.121
16	23.898407	40.441
16	24.292212	41.937
16	25.628337	43.911
16	26.066068	45.713
16	26.704144	46.359
16	27.116174	48.341
16	28.240912	49.985
16	31.844443	52.066
16	45.445912	52.134
16	47.421023	52.642
16	52.30647	59.375
16	54.465312	65.808
16	55.542264	66.734
16	56.532716	69.697
16	57.637888	71.077
16	59.64754	72.796
16	59.722671	73.294
16	60.779795	73.775
16	62.807919	76.636
16	64.431866	77.73
16	65.067654	79.126
16	66.985827	79.35
16	67.998559	79.761
16	68.105242	80.166
16	71.464559	80.807
16	72.698012	83.37
16	74.612987	84.629
16	75.193464	85.686
16	76.222311	86.424
16	76.539087	88.307
16	77.500768	89.716
16	78.25559	93.886
16	79.70101	95.845
16	80.415673	99.288
16	81.635965	101.768
16	81.87803	103.73
16	82.790849	105.74
16	84.516863	112.549
16	85.544445	117.846
16	86.141814	118.689
16	88.668978	118.6891
17	1e-06	0
17	2.544719	1e-04
17	3.822378	4.985
17	4.246005	5.013
17	4.688386	6.746
17	5.617875	7.367
17	5.967291	10.002
17	7.955033	14.931
17	9.011371	16.501
17	10.22291	23.019
17	13.117537	29.471
17	14.590287	35.903
17	15.318098	37.524
17	16.218501	37.873
17	17.270453	39.14
17	18.791737	39.658
17	18.858049	40.274
17	20.640137	40.934
17	21.659016	42.044
17	22.695598	42.196
17	23.90744	43.125
17	26.758833	43.782
17	28.775126	46.545
17	30.013651	50.615
17	32.044966	52.673
17	32.389367	54.289
17	33.08409	54.685
17	33.207727	55.584
17	33.832433	55.843
17	34.634168	57.25
17	35.832762	57.697
17	36.350144	58.456
17	36.904468	58.515
17	37.199931	59.221
17	38.998394	59.983
17	40.034746	60.953
17	44.402595	63.11
17	45.340472	64.258
17	45.763551	66.144
17	47.256066	68.256
17	49.919961	69.309
17	50.628909	70.011
17	50.955306	71.162
17	51.949744	72.305
17	53.637762	77.552
17	56.632396	78.257
17	57.031636	79.631
17	60.448995	81.819
17	61.025821	83.358
17	62.143294	84.169
17	63.240531	86.765
17	63.787425	86.961
17	64.513163	88.484
17	65.603527	89.567
17	65.774201	90.489
17	67.644772	92.561
17	69.474254	98.964
17	69.958203	102.038
17	72.41719	105.284
17	74.152185	112.103
17	74.607772	112.663
17	75.612284	118.726
17	76.082006	119.62
17	78.634366	119.6201
18	1e-06	0
18	2.807052	0.204
18	4.508688	8.423
18	6.419648	13.339
18	7.201755	17.856
18	8.241933	19.377
18	8.817648	22.262
18	9.622372	22.883
18	10.416035	27.465
18	12.017028	31.841
18	13.167506	32.428
18	13.654222	33.805
18	14.573728	34.53
18	17.704301	34.918
18	18.400738	35.866
18	19.867383	36.661
18	21.275054	39.407
18	22.275898	39.896
18	22.74058	41.338
18	24.18937	43.06
18	26.80998	44.501
18	28.516811	46.44
18	28.593289	46.987
18	32.037028	48.756
18	32.438091	49.636
18	33.083884	49.716
18	33.362653	50.34
18	37.662514	52.695
18	37.745656	53.391
18	40.531187	54.714
18	42.132309	56.253
18	42.606256	57.364
18	43.721804	57.992
18	44.812287	60.9
18	46.38453	61.855
18	46.657558	62.768
18	48.031307	63.792
18	48.439467	64.571
18	51.914258	66.322
18	52.416845	67.402
18	53.240604	67.813
18	54.089439	70.258
18	55.271919	71.963
18	55.884408	74.319
18	56.964698	74.901
18	57.740167	76.809
18	58.929884	77.541
18	59.117377	78.818
18	60.667071	80.594
18	60.764163	81.301
18	62.858715	82.511
18	63.474374	84.225
18	63.981586	84.525
18	64.446648	86.365
18	68.628477	91.572
18	70.417826	97.563
18	70.917614	97.749
18	71.067174	98.849
18	72.157392	100.657
18	73.613827	105.783
18	76.116152	105.7831
19	1e-06	0
19	2.754623	1e-04
19	3.884232	6.267
19	5.187166	9.008
19	5.430522	10.38
19	6.403305	11.769
19	6.78776	13.959
19	9.125681	20.672
19	9.869241	20.958
19	10.07903	21.952
19	11.01365	22.584
19	11.555481	23.644
19	13.137345	24.557
19	15.094581	29.22
19	16.861632	31.768
19	17.908283	35.497
19	18.938385	37.198
19	23.555219	39.399
19	33.085339	39.435
19	34.47457	40.187
19	36.094112	43.335
19	38.374831	45.849
19	38.962919	47.793
19	40.192891	49.033
19	41.332159	51.582
19	43.591388	52.145
19	46.4264	55.697
19	48.500314	56.576
19	48.978353	57.815
19	49.721048	58.289
19	50.459054	60.103
19	52.893235	63.693
19	54.255936	67.43
19	55.721414	69.691
19	56.372378	74.359
19	58.371761	79.603
19	59.624545	87.333
19	61.275118	93.034
19	63.776118	93.0341
20	1e-06	0
20	2.518208	1e-04
20	3.098165	1.52
20	3.997691	2.546
20	5.592184	8.311
20	5.815466	10.577
20	6.135441	11.39
20	6.585234	11.544
20	7.042534	13.935
20	7.909715	15.894
20	9.673697	18.617
20	11.210159	23.872
20	12.573305	24.959
20	13.244912	27.259
20	15.006029	28.037
20	15.646025	30.491
20	17.764988	33.517
20	18.006178	34.519
20	18.835431	34.837
20	20.36088	38.754
20	22.248035	39.56
20	23.273047	41.263
20	24.991111	42.629
20	29.901183	42.878
20	31.978047	44.395
20	35.320941	45.271
20	36.492763	47.151
20	38.087839	47.843
20	39.047713	49.911
20	40.362399	50.818
20	42.829628	55.771
20	44.356124	57.098
20	46.645208	62.704
20	47.408422	62.971
20	49.022079	65.182
20	49.542387	67.47
20	51.230177	70.051
20	52.256247	73.668
20	54.37919	77.368
20	56.389876	83.566
20	62.376958	83.621
21	1e-06	0
21	16.164105	1e-04
21	16.557827	0.517
21	16.754742	2.259
21	18.401759	5.423
21	18.645372	7.037
21	19.620279	8.079
21	19.662423	8.859
21	20.669129	9.747
21	22.246878	13.328
21	23.972236	14.754
21	25.013472	16.903
21	26.699052	18.056
21	27.554231	21.163
21	28.447638	22.445
21	29.767744	22.976
21	31.122843	24.399
21	32.470751	27.822
21	33.222953	28.248
21	33.58803	29.726
21	35.040142	31.181
21	35.341653	32.998
21	36.78796	34.861
21	37.110227	36.327
21	38.173472	37.061
21	39.407444	40.554
21	39.941728	40.939
21	40.312865	43.291
21	41.863213	47.558
21	42.335448	50.792
21	43.659936	54.291
21	44.278384	54.793
21	46.909175	54.7931
22	1e-06	0
22	17.974436	0.065
22	18.659159	2.507
22	19.277274	2.777
22	19.788772	4.728
22	20.666512	5.449
22	22.280646	10.375
22	23.529298	11.639
22	24.478077	14.077
22	25.479053	17.353
22	26.529417	23.413
22	27.67589	23.53
22	29.869189	24.878
22	30.994612	25.082
22	31.378338	26.45
22	32.854988	28.839
22	33.701707	29.165
22	34.894975	30.929
22	36.311675	36.47
22	37.630882	37.376
22	38.436928	39.163
22	41.000237	39.769
22	42.099815	41.587
22	42.622564	41.803
22	43.843732	47.279
22	46.927697	55.573
22	49.524956	55.592
23	1e-06	0
23	5.32487	0.042
23	5.377248	0.975
23	6.648981	2.424
23	6.712509	3.35
23	7.689452	3.759
23	8.381675	4.636
23	9.125588	6.413
23	10.085402	11.784
23	12.020752	12.658
23	12.312087	13.154
23	13.877012	19.15
23	17.464517	21.225
23	18.580243	22.295
23	19.471774	24.167
23	20.246948	24.323
23	20.535147	25.329
23	21.936384	25.683
23	22.643846	27.575
23	22.929238	30.878
23	23.725581	32.962
23	24.494679	33.886
23	29.122125	35.796
23	29.819079	37.202
23	30.981202	38.341
23	31.373792	40.25
23	31.980546	40.925
23	33.326709	47.744
23	34.801211	48.294
23	34.929342	48.786
23	35.759983	49.149
23	35.782977	49.688
23	37.537458	50.459
23	37.744454	51.295
23	39.514973	53.509
23	40.315973	57.24
23	41.248675	59.513
23	42.247622	60.57
23	43.698823	61.252
23	44.57423	64.502
23	44.942961	64.5021
23	45.997892	65.822
23	46.1704	66.82
23	46.795054	67.01
23	47.94872	69.221
23	50.10866	70.256
23	50.745645	71.613
23	53.041679	71.928
23	53.397268	72.9
23	55.180588	73.873
23	67.165559	74.51
23	67.783016	74.983
23	68.464886	78.044
23	69.052826	78.165
23	69.590536	79.439
23	70.231144	79.593
23	71.538492	81.372
23	77.266591	81.874
23	79.503892	82.841
23	83.911395	83.405
23	87.523763	85.662
23	88.135566	87.34
23	89.176713	87.557
23	90.030939	88.596
23	91.722823	89.593
23	93.613839	92.274
23	94.713875	92.805
23	95.814806	94.669
23	96.807609	95.172
23	97.05211	96.276
23	99.105439	97.405
23	100.479869	99.983
23	108.509568	102.126
23	109.575808	103.797
23	110.783611	104.373
23	111.969745	106.822
23	112.944789	107.032
23	113.297712	108.25
23	114.451576	108.716
23	115.479909	111.43
23	116.753942	112.309
23	117.258137	113.539
23	118.244599	114.544
23	119.827403	117.994
23	121.760167	119.081
23	122.224942	121.072
23	123.199698	122.128
23	124.515139	126.92
23	125.242332	127.199
23	125.820043	128.024
23	127.936349	128.428
23	129.013693	130.128
23	129.899164	130.37
23	130.608834	131.445
23	133.488837	132.361
23	133.968536	133.548
23	136.001899	134.827
23	136.44101	135.55
23	138.047666	136.271
23	138.495118	137.855
23	139.408648	138.806
23	139.870525	142.384
23	142.580398	152.438
23	144.593005	156.533
23	144.836537	158.084
23	145.34782	158.451
23	145.400195	159.186
23	145.847705	159.309
23	145.944018	159.986
23	146.417082	160.162
23	146.512884	161.497
23	148.166473	163.5
23	149.103268	163.771
23	150.920908	171.737
23	151.732194	172.416
23	151.977198	173.268
23	154.582606	173.2681
